time,x,y,z,phi,theta,psi,x_velocity,y_velocity,z_velocity,phi_velocity,theta_velocity,psi_velocity,rotor_speed1,rotor_speed2,rotor_speed3,rotor_speed4
0.06,-2.99371455419e-07,5.47136134457e-07,10.0023111466,0.000469897372389,0.000290476164862,0.0,-2.57099845476e-05,4.47330861191e-05,0.0770354672419,0.020121362329,0.0130952158756,0.0,429.38388393939795,430.49311042492616,428.3105632983598,430.0180421132007
0.12000000000000001,-1.11527752835e-05,1.83437899274e-05,10.0107002572,0.00191790552269,0.000717660608675,0.0,-0.000404467626684,0.000690011869045,0.202586675807,0.0311442651177,-0.00884220528015,0.0,446.0369203413831,444.2419942351844,444.3016722878954,445.20439698765557
0.18,-4.90116049141e-05,0.000109403531511,10.027175467,0.00356508128928,0.000157438979943,0.0,-0.000798307121864,0.00253738951446,0.34655315717,0.0188020566212,-0.0103455135409,0.0,450.4547401717817,450.3333006292844,451.49453907545086,450.4980062201372
0.23999999999999996,-9.8529552346e-05,0.000365027785045,10.0577350405,0.00451462949183,6.28303652866,0.0,-0.000791766791546,0.00612462478399,0.671964896325,0.00908702467684,0.00372969921214,0.0,503.138392353658,504.15631751800885,503.7851890952288,503.08223367439746
0.3,-0.00014390517348,0.000820669216668,10.0994563706,0.00457800754607,6.28303162313,0.0,-0.000732343414359,0.00910066664333,0.718717366055,-0.0242889298571,-0.00907068217443,0.0,421.1833607988343,420.0750037882464,421.1069032968716,418.2102557853282
0.36000000000000004,-0.000182522849009,0.00145605847798,10.1456823706,0.00292180913055,6.28242900772,0.0,-0.000496228616156,0.0119201172832,0.822080814604,-0.0352281298158,-0.0120640792831,0.0,437.9326544442654,437.6837519951892,439.6716392441191,438.7642932233025
0.4200000000000001,-0.000192297451697,0.00222924683515,10.2001882951,0.000987089831897,6.28119429166,0.0,0.000267921893817,0.013624909623,0.994649278265,-0.0268638068887,-0.0489311327901,0.0,461.8515702414573,458.93483300240894,459.3822611840302,460.04458249666976
0.48000000000000015,-0.000117664287197,0.00306265168089,10.2653985579,6.28222358435,6.27845359633,0.0,0.0025435098866,0.0139552628992,1.17885343353,-0.0471343938104,-0.039860097938,0.0,463.7547146653858,464.46544308345693,464.38994256393204,462.79694411104185
0.5400000000000001,0.000153396192557,0.00386622080793,10.3413626327,6.27890257494,6.27605877723,0.0,0.00676125214129,0.0124945696732,1.35309028375,-0.0817668499531,-0.0400209469516,0.0,461.6942771678733,461.68083896392005,462.1554335502358,459.4155487746749
0.6000000000000002,0.000699635493557,0.00451887387173,10.4235611027,6.27380624526,6.27432422658,0.0,0.0116313887807,0.00880049502361,1.38681412434,-0.0921820987055,-0.0128439502749,0.0,415.5879007937175,417.96252913578115,418.0951863501467,417.1803494925519
0.6600000000000003,0.00158739634664,0.00482772793137,10.5101911141,6.26841965868,6.27324870747,0.0,0.0180526187283,0.000928533275047,1.50070295551,-0.0853565903581,-0.0307628877373,0.0,443.5652122494351,442.09137488995094,443.31908402764867,443.8727413259777
0.7200000000000003,0.00289785316627,0.00453545632392,10.6047359387,6.26355745023,6.27181144075,0.0,0.0258038517716,-0.0112123639737,1.65057587481,-0.0735615696826,-0.0129756247795,0.0,455.0938743028036,456.51515789300515,453.0950343355444,454.03700216935823
0.7800000000000004,0.00472560428645,0.00336672527867,10.7103656263,6.25880876629,6.27084164547,0.0,0.0352208629101,-0.0282826473136,1.87006799533,-0.0936735163028,-0.0234529564668,0.0,476.91191399496597,476.11114308678236,476.1730205477023,474.62734452727256
0.8400000000000004,0.00712189913081,0.00110144305174,10.8273525498,6.25443922487,6.26919489645,0.0,0.0448196707492,-0.0477539548224,2.02921055337,-0.0483026560568,-0.0369477192853,0.0,458.95842024249237,457.8859894663479,457.2126407579889,460.8081317952436
0.9000000000000005,0.0101114412922,-0.00237704184733,10.952380474,6.2512933752,6.26782770656,0.0,0.0550045435148,-0.0685001315546,2.1381763547,-0.0623213060843,-0.00368640313912,0.0,443.97663584347566,446.69691813583455,442.92121155753364,441.7649725732175
0.9600000000000005,0.0137972908904,-0.00730369610248,11.0880935678,6.24811298882,6.26703459709,0.0,0.0678895458977,-0.0961283189165,2.38509566395,-0.038938891339,-0.0506969744006,0.0,487.6923940710063,484.1684492605068,484.4598841637369,486.21299731037806
1.0200000000000005,0.0182447015266,-0.0138658514146,11.2359158097,6.24603119193,6.26414417139,0.0,0.0806789638631,-0.122840720571,2.54196015704,-0.0273356972056,-0.0435541063303,0.0,460.16052416907354,460.72425112209527,459.34535880797614,460.26406546063174
1.0800000000000005,0.0235016706128,-0.0220348905177,11.3920818335,6.24419388435,6.26161092977,0.0,0.0948184399101,-0.149631970729,2.66328388255,-0.0381710380233,-0.0396796922582,0.0,450.5341561315371,450.8463528929643,449.6976833239339,448.8188251120673
1.1400000000000006,0.029611734127,-0.0317706673838,11.5534337989,6.24171444557,6.26072481932,0.0,0.108981024583,-0.175114555512,2.71497809465,-0.0485205260317,0.0124255007295,0.0,426.17537219702905,430.6056683240689,429.02846963963515,428.1478406406911
1.2000000000000006,0.0366308709992,-0.0431810506987,11.7201676999,6.2383547521,6.26128454096,0.0,0.124912715615,-0.20554354099,2.84249369739,-0.0783502112135,0.00227666625908,0.0,452.79645862441424,451.97915613788336,454.39836300095874,451.99838541771993
1.2600000000000007,0.0446818366762,-0.0566760179098,11.8984681656,6.2334919524,6.26153648521,0.0,0.143413131402,-0.244856806404,3.10015935672,-0.087069480154,0.00779073797819,0.0,491.3390543398269,491.74760246583463,492.6452874628442,491.99551849702624
1.3200000000000007,0.0537956361723,-0.0725634666245,12.0904003187,6.2281384584,6.26169540428,0.0,0.16032808357,-0.285311747509,3.29699378967,-0.0939240925902,-0.0103912149599,0.0,476.54315364979874,475.15126538250325,475.9613675876679,475.43037572508786
1.3800000000000008,0.0638948968378,-0.09092719188,12.292731801,6.22271925139,6.26086588638,0.0,0.176382198697,-0.327391158231,3.4469030063,-0.0839465061357,-0.0217727232513,0.0,464.05354752394453,463.15936203833917,462.0092635148436,462.78875778985986
1.4400000000000008,0.0749042699714,-0.111731362121,12.5007675919,6.21816794369,6.25951613959,0.0,0.190717495957,-0.366517195594,3.48745935635,-0.0632501074261,-0.0239824211662,0.0,430.283286118989,430.09612102049675,428.4784577253933,430.2294737045648
1.5000000000000009,0.0868309129056,-0.135051559863,12.7125395965,6.2140163149,6.25822603744,0.0,0.206966132396,-0.411197853631,3.57130702303,-0.0850244723675,-0.0169525575124,0.0,444.1784359609353,444.7545908328407,444.4077155127202,442.6153995727276
1.560000000000001,0.0997710830364,-0.161180321361,12.9298895517,6.20896725209,6.25703527405,0.0,0.224476242222,-0.460257417281,3.67331353255,-0.0824601179022,-0.0263718850247,0.0,451.0982382030592,450.336963782274,449.8285793891501,450.03049924251957
1.620000000000001,0.113710948163,-0.190136742992,13.1504241707,6.20394578342,6.25544693325,0.0,0.240324297725,-0.505393872029,3.67777264471,-0.0862726563126,-0.0266740015134,0.0,419.67969975469055,419.6532802530028,419.97438177253116,419.63736432883405
1.680000000000001,0.128788102477,-0.222342894684,13.3768374131,6.19911512629,6.25377729955,0.0,0.26241778905,-0.568669379193,3.8686329314,-0.0709503715436,-0.0302392502829,0.0,478.2457766160963,477.9739916915304,477.4876150424841,478.6503233520783
1.740000000000001,0.145195350496,-0.258354670788,13.6135072464,6.19495907654,6.25206810382,0.0,0.284666968008,-0.63214003019,4.0197701627,-0.0660995202867,-0.0251939433614,0.0,466.8183735133122,467.2117417928914,468.24770786600413,468.6215661874967
1.8000000000000012,0.162908554653,-0.298080338521,13.8571485302,6.19095001807,6.25053188011,0.0,0.305914222238,-0.692419997366,4.10124894631,-0.0682932527001,-0.0264360443715,0.0,447.6099960643016,447.5087789957526,447.7082617372086,447.52642541708786
1.8600000000000012,0.181924284015,-0.341495821779,14.1055741563,6.18665483357,6.24919669908,0.0,0.328075889386,-0.755151204678,4.17924826852,-0.0791512216297,-0.0149812278749,0.0,445.69245016917046,446.6277193521232,448.7930465794932,447.9068563170742
1.9200000000000013,0.202219220449,-0.388551059539,14.3564959306,6.1826076423,6.24848620707,0.0,0.348489606972,-0.813738340578,4.18472014956,-0.0507765241217,-0.00620421056832,0.0,423.93399454032465,424.6876818513412,423.7782057058085,426.20649230801655
1.9800000000000013,0.223900737268,-0.439628410824,14.6120631728,6.17999093003,6.24836772769,0.0,0.374231055531,-0.889093560482,4.33356343162,-0.0321710011464,0.0053688840813,0.0,469.6396553023895,470.5365570719568,468.9972024716824,470.4391359181626
2.0400000000000014,0.2470449325,-0.495040260764,14.874222717,6.17806735402,6.24864759976,0.0,0.397199797083,-0.958134068568,4.40476109955,-0.0318377662534,0.00321717756259,0.0,448.6321962876342,448.4573514816286,446.17336555076633,446.20020172347745
2.1000000000000014,0.271515036869,-0.554493828091,15.1393220779,6.17637232732,6.24936451066,0.0,0.41841787775,-1.02381164336,4.43172911416,-0.0218998894394,0.0253346396438,0.0,433.36200930910854,435.2172791140715,433.176292761911,434.0110278807049
2.1600000000000015,0.297215186347,-0.617839383059,15.4052869031,6.17469729041,6.25059266422,0.0,0.438126572291,-1.0878430214,4.43371494043,-0.044031172228,0.00832959026261,0.0,426.84179348128606,425.3879322141274,427.01727199493916,425.124599378926
2.2200000000000015,0.324101029143,-0.685138200986,15.6720497963,6.17177120127,6.25110469835,0.0,0.458015051016,-1.1556999276,4.45821952805,-0.0604978814526,0.00893943334765,0.0,433.21721303029904,433.2683764469944,434.6539368876,433.26994198195007
2.2800000000000016,0.35213156442,-0.75643338457,15.9390785767,6.16810030295,6.25148993688,0.0,0.476294310184,-1.22113181671,4.4427247838,-0.0625848130748,0.00083560456414,0.0,421.8468921425549,421.14635426489167,420.1686615967773,419.9847599060852
2.3400000000000016,0.381364612549,-0.832126868951,16.2086617271,6.16425692933,6.2514847745,0.0,0.498121418446,-1.30233394339,4.54288354152,-0.0671730304564,-0.00199633304053,0.0,457.95485211216334,457.7295166160549,458.18831224212323,457.82048231102317
2.4000000000000017,0.411960640708,-0.912975192843,16.4859054234,6.16063397207,6.25129876228,0.0,0.521738379344,-1.39296132044,4.69782665364,-0.0494304318123,-0.0054049255387,0.0,475.4934168673772,475.2322540951425,474.95031639392994,476.3068664226174
2.4600000000000017,0.443908118887,-0.999071894571,16.7702576363,6.15795226754,6.25072120843,0.0,0.54320554885,-1.47717734975,4.78013819391,-0.036599031171,-0.0197930309587,0.0,455.58162883840936,454.42971565948375,454.4445102544507,455.470861546733
2.520000000000002,0.477170566888,-1.09032490644,17.0599194413,6.15575150939,6.24919681697,0.0,0.565660214148,-1.56477508453,4.87475253208,-0.0368402936533,-0.0400517417081,0.0,460.53573793175104,458.9301839422063,459.6630623121933,459.64337287478037
2.580000000000002,0.511693906192,-1.18643245665,17.3517415316,6.15358464787,6.24714513012,0.0,0.585304562598,-1.63902242575,4.85265534294,-0.0347009575825,-0.0244988983261,0.0,422.3477112283573,423.68660447097363,423.77427584027987,423.95750372764087
2.640000000000002,0.547314101857,-1.28662997998,17.6391229127,6.15156845673,6.24520517609,0.0,0.602163384526,-1.70112658201,4.72718770728,-0.0314938143006,-0.0565621186023,0.0,389.04048456949454,386.0252547102559,387.1097018942487,387.4107954079966
2.700000000000002,0.584288325838,-1.3916453227,17.9269441336,6.14945274594,6.24192556857,0.0,0.630646001421,-1.79953797419,4.86613501193,-0.0441257777104,-0.0511056653219,0.0,472.94770952554853,473.3660270273546,473.8379913568944,472.86529478164056
2.760000000000002,0.623048830988,-1.50264007851,18.223243769,6.14732090193,6.23876655308,0.0,0.661679464205,-1.90047449653,5.00974812166,-0.0223100397456,-0.0559323924103,0.0,475.3743514528453,475.00268260866864,476.1810649334532,477.84665535951757
2.820000000000002,0.663905013594,-1.62023285447,18.5317512378,6.14582651712,6.23606305697,0.0,0.700510160443,-2.01931802775,5.27248639211,-0.0306826677767,-0.0292489927476,0.0,510.9850229341775,512.8828516948757,511.8064813124253,511.2101425777265
2.880000000000002,0.706971007876,-1.74447478893,18.8521980866,6.14422842197,6.23398010434,0.0,0.735188797751,-2.12219703512,5.40829356412,-0.0195696326046,-0.0488476807027,0.0,479.1755807936349,477.6826487148971,477.1600144543877,478.0076486314569
2.940000000000002,0.75198807858,-1.8744288722,19.1772112065,6.14269677739,6.23079001532,0.0,0.765645501548,-2.20974026674,5.42527460161,-0.0414192173701,-0.0636250496193,0.0,443.8417991554791,442.6251702763524,443.7554959373073,441.957739382099
3.000000000000002,0.798791479006,-2.00940623675,19.5013362834,6.14045612931,6.22732692348,0.0,0.794767427323,-2.28975311809,5.37898301182,-0.0302376830394,-0.0479551860054,0.0,421.8140363298333,423.16277714056986,422.61911344115384,423.5812205245724
3.0600000000000023,0.84752130995,-2.14954476329,19.8248798531,6.13891317659,6.22494830004,0.0,0.829782801201,-2.38169583194,5.40553735617,-0.0179347545609,-0.0267660943339,0.0,445.1337052394551,446.86373050538697,446.2447110638249,447.24790608879147
3.1200000000000023,0.898520964196,-2.29555356038,20.1521938292,6.13753603708,6.22355494541,0.0,0.870319352117,-2.48535127128,5.50430684921,-0.0355810522548,-0.0169407493668,0.0,469.8021872134356,470.56349256887484,469.0881618312431,467.7155498815807
3.1800000000000024,0.951871513187,-2.4475625885,20.4836537827,6.13620079344,6.22223614686,0.0,0.908115751181,-2.58177844118,5.54402178058,-0.00394375733096,-0.034679282462,0.0,453.87628078550057,452.4500766683146,450.34387366413245,452.8959927014762
3.2400000000000024,1.00742576485,-2.60516892019,20.816010554,6.1355374628,6.21982459244,0.0,0.943877364961,-2.67185322234,5.53447141994,-0.0316974795747,-0.0544841338986,0.0,438.62878381931824,436.979653617364,438.05079020512414,435.73634849022255
3.3000000000000025,1.06517992844,-2.76823012104,21.1479314485,6.13346406025,6.21698316562,0.0,0.981516544129,-2.76373491481,5.52942230011,-0.0409940455341,-0.0359651704172,0.0,437.38338137024795,438.921821245332,440.2403084004767,439.46971902381637
3.3600000000000025,1.12521536414,-2.93680201716,21.479196193,6.13076802762,6.21497318563,0.0,1.01983490982,-2.85559874562,5.5126500776,-0.0542822490483,-0.0289766207108,0.0,434.65526208071725,435.2401909983907,436.6014587594523,435.48988927118774
3.4200000000000026,1.18753271669,-3.11083498547,21.8087292991,6.12854590019,6.2132289638,0.0,1.05755251863,-2.94578817527,5.47182308394,-0.0152469854202,-0.029258480478,0.0,427.9135323772862,427.8892516874552,425.9722516790915,429.2969712852706
3.4800000000000026,1.25255332404,-3.29122707553,22.1415935108,6.12760561607,6.21129480504,0.0,1.10993301299,-3.06731601555,5.62270868494,-0.0165340056554,-0.0389768014186,0.0,487.2137138020283,486.4861494496927,487.7894432195779,487.6934279285788
3.5400000000000027,1.3203945985,-3.47816326732,22.4785104211,6.12663965701,6.20941492035,0.0,1.1516113498,-3.164045479,5.6077802993,-0.0152438548001,-0.019277161293,0.0,436.9735105496353,438.61254407929573,438.5902838453489,438.69753566633614
3.6000000000000028,1.39057232593,-3.67053155706,22.8119659277,6.12555154413,6.20819897542,0.0,1.18775470051,-3.24845165801,5.50778904413,-0.0246556528169,-0.0223198904902,0.0,409.79654866795784,409.5259104351643,410.3522407880816,409.51572488600397
3.660000000000003,1.46307513459,-3.86829068125,23.1412496874,6.12374774412,6.2069255256,0.0,1.22910928802,-3.34374714696,5.46837558295,-0.0439921422432,-0.0191183332425,0.0,429.7709072107845,430.04222599201336,429.96067138460506,428.31856373997914
3.720000000000003,1.5383515446,-4.0723864669,23.4716871683,6.12136000476,6.20586095185,0.0,1.28016082896,-3.45968708321,5.54559389934,-0.0325044093377,-0.0151250682429,0.0,465.4320565217073,465.7446260485995,467.1210894863528,468.01548127464025
3.780000000000003,1.61675155108,-4.28359172044,23.807297331,6.11956798773,6.20581908316,0.0,1.33314716032,-3.58066357894,5.64071227323,-0.0250552827617,0.0186508758613,0.0,471.3329391731529,473.93663320922326,473.5505744901333,474.1231164293636
3.840000000000003,1.69836676209,-4.50220442944,24.1491781679,6.1175100963,6.20699486921,0.0,1.38716166475,-3.70657137164,5.75452166856,-0.068519546496,0.0214233576056,0.0,479.2611314919683,479.47178303431997,482.6798722896275,479.3870611525787
3.900000000000003,1.78264854854,-4.72725907827,24.4908159326,6.11364035374,6.20825234745,0.0,1.42216157773,-3.79570104582,5.63384447009,-0.0574692163255,0.0200106577236,0.0,405.72156448782255,405.5947109039331,406.80709877088293,407.79212643599516
3.960000000000003,1.86953151106,-4.95891578478,24.8320823862,6.11003769231,6.20934113357,0.0,1.4737401687,-3.92652022075,5.74086565545,-0.0657658365057,0.0141300505874,0.0,479.04295600496425,478.5954043347266,479.50803242316005,478.87493936609985
4.020000000000002,1.9591335497,-5.19769864855,25.1750831783,6.10618275895,6.21006207859,0.0,1.51291812311,-4.03333827037,5.69250660944,-0.0613769214215,0.00741099427793,0.0,431.78675978961803,431.2192935053897,432.3631411749827,432.7296905192754
4.080000000000001,2.05111705085,-5.4430826604,25.5157747284,6.10208402388,6.2102783579,0.0,1.55314921343,-4.14654980087,5.6637656356,-0.0881440666201,-0.00536981528965,0.0,439.10540873412293,438.04356731718957,439.44905092951024,437.22019435944713
4.14,2.14564704183,-5.69569566985,25.8565761692,6.09626453546,6.21021125067,0.0,1.59782015987,-4.27440900725,5.69574691549,-0.127711542252,0.00625812317387,0.0,457.85840485084066,458.78281031549943,459.5800403371821,456.42370314083
4.199999999999998,2.24272517847,-5.95579189216,26.1975615564,6.08827773169,6.21120599075,0.0,1.63802472409,-4.39618171722,5.67014345298,-0.147004856783,0.0317884653261,0.0,440.2760423677229,442.38373880580366,441.53600979879405,439.9242304424033
4.259999999999997,2.34205233023,-6.222977798,26.5351002634,6.07947095873,6.21324891571,0.0,1.67272085277,-4.51080227581,5.58119041993,-0.146333238834,0.038223346408,0.0,420.8623955054739,421.41966955764093,420.0442434559014,420.08094833042736
4.319999999999996,2.44360612575,-6.4977265437,26.8698332713,6.0705731319,6.21568609174,0.0,1.71214933735,-4.64829682792,5.57610025947,-0.152540904593,0.0450253420407,0.0,447.7395150889252,448.29353105268524,448.8339159190225,448.3092481332467
4.379999999999995,2.54745996515,-6.78085454489,27.2039981884,6.06091519226,6.21807717485,0.0,1.74937513365,-4.79014689226,5.56226151361,-0.188644181192,0.0267116147357,0.0,446.9007274327426,445.40588957545344,448.3949147980874,445.42572116802046
4.439999999999993,2.65358093474,-7.0729543818,27.5384530739,6.04996804511,6.21925982628,0.0,1.78779587028,-4.94749895027,5.58541638131,-0.172309314563,-0.000427167658165,0.0,460.9543405189347,458.80417021142557,458.39287979410926,459.6581097323432
4.499999999999992,2.76184367244,-7.37419605461,27.8720747164,6.03989735031,6.21927423895,0.0,1.82093620557,-5.09479037408,5.53491972858,-0.160157975955,0.00154274903969,0.0,437.3265726190254,437.4906616484288,436.9897731613411,437.9742099122888
4.559999999999991,2.87217222672,-7.68477067561,28.2038532332,6.03039976854,6.21942751227,0.0,1.85662827459,-5.25855736695,5.52372361142,-0.15480649087,0.00450517807845,0.0,450.59598859200196,450.83541909168343,451.3362840844932,451.7447492875909
4.6199999999999894,2.98470766153,-8.00564935759,28.5360034247,6.02093719282,6.21941111221,0.0,1.89448023514,-5.4382408725,5.54705695782,-0.164250843519,-0.012140002684,0.0,463.75187496547676,462.4422822431966,464.2744145602578,463.5101135120939
4.679999999999988,3.09936329172,-8.33689897901,28.8672138176,6.01151074848,6.21822849689,0.0,1.92742003717,-5.60428427841,5.4928223133,-0.145703509272,-0.0425602155728,0.0,442.5757421382162,440.064070495835,438.7951482779655,440.3086058463636
4.739999999999987,3.21581603089,-8.6774596845,29.1921385488,6.0024235039,6.21576855644,0.0,1.95452613918,-5.74860289184,5.33815036866,-0.166563759188,-0.0380471556678,0.0,407.40738809285614,407.8097757528639,407.0077271411027,405.11139619200407
4.799999999999986,3.33393359204,-9.0268669504,29.5078319415,5.99247608471,6.2131688406,0.0,1.98290447058,-5.89923188282,5.18501006654,-0.164288683068,-0.0568265149246,0.0,408.08524055166333,406.40363860901437,406.9597559319718,407.1343907257872
4.859999999999984,3.45408944712,-9.38669622701,29.8183171332,5.98210552181,6.20962617658,0.0,2.02255647717,-6.09596615952,5.16363069917,-0.201377094735,-0.0638944277236,0.0,452.4050088383628,451.83301957218544,453.87084536320447,450.85393953473226
4.919999999999983,3.57689538502,-9.7593838187,30.1300950555,5.97004888331,6.20596413104,0.0,2.07126611972,-6.32795877437,5.22735659811,-0.200092927965,-0.055854488798,0.0,479.9408603385144,480.548463310726,482.0986867944579,482.1596311386539
4.979999999999982,3.70226830459,-10.1445603852,30.4403662781,5.95750704367,6.20256894135,0.0,2.10807226968,-6.51229778585,5.11452662943,-0.240388586795,-0.0580915959093,0.0,427.21463325771043,427.0214573945373,428.6962786465821,425.2101476069681
5.0399999999999805,3.83004037093,-10.5415794702,30.7454092249,5.94269565972,6.19854264337,0.0,2.15124991358,-6.72283050143,5.05252610751,-0.264671471161,-0.0991975994607,0.0,448.1383070652916,444.7794449890862,446.037620292043,443.9875400426153
