time,x,y,z,phi,theta,psi,x_velocity,y_velocity,z_velocity,phi_velocity,theta_velocity,psi_velocity,rotor_speed1,rotor_speed2,rotor_speed3,rotor_speed4
0.06,-1.89644507057e-08,1.04523645464e-10,0.026163869157,6.36137000853e-08,1.14745554169e-05,0.0,-1.87880823739e-06,1.04518032358e-08,0.871896420641,3.09251349784e-06,0.000571078957801,0.0,899.955495974,899.978602237,-0.00712689594387,0.48445799534
0.12000000000000001,-9.50891991627e-07,5.10301363911e-09,0.104548038873,3.03635760979e-07,6.97179304758e-05,0.0,-3.91682543993e-05,2.02012174722e-07,1.7400198459,5.77141403109e-06,0.00175840101481,0.0,899.9485028,899.996530925,0.228062978802,0.516414475304
0.18,-7.04921213114e-06,3.33015846473e-08,0.234786736377,7.03906207988e-07,7.40978562392e-05,0.0,-0.000176262145528,8.17415171876e-07,2.59974069441,8.43226215491e-06,-0.00353162661252,0.0,900.009104034,899.794997482,0.321158092586,0.57145295824
0.23999999999999996,-1.89499747208e-05,1.16712791737e-07,0.416247686007,1.19330447568e-06,6.28286985964,0.0,-0.000158177163281,2.06693203854e-06,3.44681787972,7.61480816973e-06,-0.0131925948197,0.0,900.022211434,899.631282622,0.5928526273,0.530515171037
0.3,-8.69342326615e-06,2.95258457411e-07,0.648066878918,1.66063521956e-06,6.2817188829,0.0,0.000694127223011,3.97812457873e-06,4.27777759816,8.01481881598e-06,-0.0351995302239,0.0,900.355888254,899.465379105,0.46612683129,0.515207612675
0.36000000000000004,0.000111228517821,6.07563284117e-07,0.929163305765,2.13710966079e-06,6.27933662571,0.0,0.00375788359048,6.52540536791e-06,5.08887052152,7.86809104816e-06,-0.0507191242678,0.0,900.291159874,899.663078085,0.591184302884,0.573512391666
0.4200000000000001,0.000519415870501,1.0911636824e-06,1.25823696278,2.60919510708e-06,6.27608247526,0.0,0.0104698082156,9.68237765792e-06,5.87655473918,7.86809022022e-06,-0.0624048916688,0.0,900.215197832,899.741878195,0.410766173595,0.345245569538
0.48000000000000015,0.00146428665762,1.78163231768e-06,1.63379583063,3.08128050364e-06,6.2721040935,0.0,0.0217606601127,1.34163224392e-05,6.63797651024,7.86808939228e-06,-0.0755444338152,0.0,900.266887209,899.734209947,0.0752165658426,0.201963497397
0.5400000000000001,0.00324375924672,2.71257394161e-06,2.05417883181,3.54580101103e-06,6.26730370359,0.0,0.0384080389055,1.7692366369e-05,7.3703596104,7.48984543722e-06,-0.0908867066777,0.0,900.242637035,899.619956904,-0.16598544402,0.433840059556
0.6000000000000002,0.00620362298492,3.91498821436e-06,2.51756797129,3.99216086588e-06,6.26149678376,0.0,0.0612380694472,2.24563273313e-05,8.07125222136,7.3383016911e-06,-0.112430450752,0.0,900.164067202,899.288853293,-0.105063633319,0.245145860301
0.6600000000000003,0.0107449183825,5.41654716196e-06,3.02203825916,4.43224397895e-06,6.25425413804,0.0,0.0913027642764,2.76573544713e-05,8.73953211324,7.32755226865e-06,-0.147497083813,0.0,900.366805866,898.941363329,-0.0279809527119,0.128196955555
0.7200000000000003,0.0173484283628,7.24230638849e-06,3.56560504306,4.87188489906e-06,6.24507217701,0.0,0.130278581997,3.32579222233e-05,9.37432735297,7.32694148868e-06,-0.167383804967,0.0,900.073685602,899.259132393,-0.00666609389311,0.225208425232
0.7800000000000004,0.0265938570539,9.41504199014e-06,4.14619820599,5.30993941172e-06,6.23479633218,0.0,0.179471562433,3.92182282035e-05,9.97367641665,7.24884262977e-06,-0.180431645974,0.0,899.56548226,899.02493737,-0.0754231782143,0.133023010186
0.8400000000000004,0.0391093584348,1.19553344002e-05,4.76169283685,5.74466349601e-06,6.22372630702,0.0,0.23930627116,4.55045339429e-05,10.5376962245,7.23851895798e-06,-0.19420552216,0.0,899.329311907,898.756924345,-0.0274212212872,0.163742407515
0.9000000000000005,0.0555417041537,1.48820837458e-05,5.41002941295,6.18225348958e-06,6.21199113501,0.0,0.310046776267,5.20960500709e-05,11.0684261595,7.40246153669e-06,-0.198496541282,0.0,899.503834588,899.313863896,0.0749422735992,-0.109277635673
0.9600000000000005,0.0765396892719,1.82127871514e-05,6.08919529887,6.62640116733e-06,6.20012650161,0.0,0.391411521004,5.89670221231e-05,11.565412197,7.40246080385e-06,-0.196281794511,0.0,899.505047478,899.578197637,0.20491451179,0.112368514552
1.0200000000000005,0.102719113514,2.19635102796e-05,6.79717106795,7.07054880156e-06,6.18843986102,0.0,0.482628793707,6.60930605965e-05,12.0288722778,7.402460071e-06,-0.191930706898,0.0,899.464905366,899.625137522,0.268938681916,0.21312153362
1.0800000000000005,0.134643445074,2.6148839692e-05,7.5319701825,7.51469639138e-06,6.17710905238,0.0,0.582763095386,7.34506478024e-05,12.4596730597,7.40245933816e-06,-0.183307325873,0.0,899.370895635,899.705237733,0.279273488457,0.31969143895
1.1400000000000006,0.172816894499,3.07820394938e-05,8.29166538356,7.95884393767e-06,6.16616096423,0.0,0.690781931245,8.10192234542e-05,12.858916654,7.40245860531e-06,-0.180842741487,0.0,899.489213227,899.575276585,0.507620341248,0.166690730754
1.2000000000000006,0.217688191309,3.58753263178e-05,9.07441318031,8.40424591342e-06,6.15530660567,0.0,0.805932851978,8.87844728955e-05,13.2282785402,7.46518157474e-06,-0.181032566718,0.0,899.677001157,899.655828014,0.269600770182,-0.0675927822981
1.2600000000000007,0.269668416849,4.14400553515e-05,9.87845540626,8.86133301758e-06,6.14451244572,0.0,0.927676652836,9.67328681072e-05,13.5689300057,7.92399030067e-06,-0.17773651079,0.0,899.701218523,899.821375365,0.148689464834,-0.182810303121
1.3200000000000007,0.329141426492,4.74874557273e-05,10.7021360432,9.33677241921e-06,6.13397758977,0.0,1.05560465339,0.000104874642401,13.8830900071,7.92398946092e-06,-0.171590229885,0.0,900.007610659,900.24381311,0.390861002712,0.229871880893
1.3800000000000008,0.396455846517,5.40288577182e-05,11.5438769581,9.81221177021e-06,6.12370718056,0.0,1.1889694666,0.000113197882228,14.1711534956,7.92398862118e-06,-0.170353843082,0.0,900.164653026,900.202849437,0.621790342231,0.252538595394
1.4400000000000008,0.471923050508,6.10748059088e-05,12.4021534911,1.02876510706e-05,6.11355511735,0.0,1.32731321964,0.00012169143921,14.434491125,7.92398778143e-06,-0.166992583381,0.0,900.15662251,900.281135941,0.624913129349,0.213018859399
1.5000000000000009,0.555828755231,6.86351177156e-05,13.2755119498,1.07630903203e-05,6.10354425703,0.0,1.47020112323,0.000130342234045,14.6741014705,7.92398694169e-06,-0.166559785683,0.0,900.109839669,900.116201245,0.249161994485,0.341484380844
1.560000000000001,0.648437465484,7.67190739702e-05,14.1625775075,1.12385295203e-05,6.09392928088,0.0,1.61736174857,0.000139145389682,14.8916039468,7.92398610194e-06,-0.149943798206,0.0,899.731528157,900.393923898,0.149224426175,0.529632531392
1.620000000000001,0.749991063352,8.53358096367e-05,15.0620796674,1.17093325631e-05,6.08517509421,0.0,1.76824364744,0.00014810063828,15.0888549818,7.69217950103e-06,-0.138854705682,0.0,899.937698046,900.378421907,-0.129941116713,0.582339024991
1.680000000000001,0.860692528799,9.44941812913e-05,15.9728461985,1.21315724124e-05,6.07697483366,0.0,1.92221566445,0.000157195944176,15.2672725588,5.7276014202e-06,-0.132630704855,0.0,900.16272714,900.407715659,-0.378284929959,0.363174019346
1.740000000000001,0.980711781244,0.00010420080472,16.89377011,1.23883843219e-05,6.06912576845,0.0,2.07879550469,0.000166360044864,15.4276208603,1.3852356003e-06,-0.127421384058,0.0,900.153588263,900.358232093,-0.562403037213,0.426140950148
1.8000000000000012,1.11019513166,0.000114455539023,17.8237927128,1.2423203728e-05,6.06166358294,0.0,2.23765104973,0.000175441193295,15.5707445099,-1.02954948605e-06,-0.118879742719,0.0,899.932339505,900.272643452,-0.419395444122,0.607257848878
1.8600000000000012,1.24926851581,0.000125249140276,18.7619053519,1.23018441069e-05,6.05454061374,0.0,2.39842707906,0.000184308421372,15.6974666158,-4.00895605975e-06,-0.118391246183,0.0,899.818891071,899.83382523,-0.465853494139,0.725630189858
1.9200000000000013,1.39804960949,0.00013656604614,19.7071859447,1.19082077594e-05,6.04725001664,0.0,2.56125461889,0.000192863738708,15.8098278888,-1.16643933235e-05,-0.128611757497,0.0,900.048391045,899.629334113,-0.746740120786,0.496879113082
1.9800000000000013,1.55667284888,0.000148381682083,20.6588202509,1.11414968247e-05,6.03955381883,0.0,2.72655542558,0.000200893525791,15.9093860073,-1.50068529293e-05,-0.127595625667,0.0,900.025128976,900.06036849,-0.493421072723,0.616965937885
2.0400000000000014,1.72529696258,0.000160658670568,21.6160788401,1.02220671119e-05,6.03174313212,0.0,2.89462315868,0.000208228543045,15.9974191084,-1.59577872298e-05,-0.135914381813,0.0,900.559827883,900.217022672,-0.263184580124,0.521011737071
2.1000000000000014,1.90407736994,0.000173352946361,22.5782313296,9.26350042363e-06,6.02348098112,0.0,3.06515317143,0.000214803099499,16.0726476387,-1.60127599629e-05,-0.141538486797,0.0,900.190954408,899.956217131,-0.0632807496072,0.368300762123
2.1600000000000015,2.09317916784,0.000186419516969,23.5445642611,8.30273489427e-06,6.01479092472,0.0,3.23871012811,0.000220642227228,16.1368730051,-1.60127565337e-05,-0.152401179408,0.0,900.295528063,899.847746548,0.0864852063433,0.542734805702
2.2200000000000015,2.29278952886,0.000199814894815,24.5144214182,7.33919441753e-06,6.00559274745,0.0,3.41549878396,0.00022576707961,16.1902229073,-1.61515108738e-05,-0.155168137081,0.0,899.951291161,899.830115417,-0.100534044011,0.523692682138
2.2800000000000016,2.50311245521,0.000213496954496,25.4871749755,6.36906306806e-06,5.99624584792,0.0,3.59581415016,0.000230201090036,16.2335108561,-1.6203545727e-05,-0.157036295182,0.0,899.803738941,899.718590493,-0.0615667493258,0.606901944852
2.3400000000000016,2.72436612311,0.000227424905242,26.462250183,5.39427133628e-06,5.98676480652,0.0,3.77987051199,0.000233966204789,16.267687571,-1.63324953033e-05,-0.160052861934,0.0,899.819137615,899.687148216,-0.096917091186,0.609574702089
2.4000000000000017,2.95678456882,0.000241559235627,27.439136122,4.41358860659e-06,5.97711693122,0.0,3.96798883053,0.000237082501676,16.2939253082,-1.63691458581e-05,-0.16232934271,0.0,900.025751016,899.923347523,-0.0516708862805,0.811152363136
2.4600000000000017,3.20060000412,0.000255861245521,28.4173217661,3.42726238856e-06,5.96731681886,0.0,4.15978698041,0.000239558014677,16.3110837619,-1.6578019538e-05,-0.165424138103,0.0,899.763041264,899.627072993,-0.123347423758,0.849838584055
2.520000000000002,3.45604425963,0.000270293019089,29.3963001549,2.43258129018e-06,5.95749653776,0.0,4.35562570315,0.000241409504764,16.3204025618,-1.65780158625e-05,-0.160381909495,0.0,899.579347763,899.772892966,0.0803807228652,0.573767165858
2.580000000000002,3.72335712833,0.000284817487416,30.3756072761,1.43790041207e-06,5.94817815185,0.0,4.55537253542,0.000242650198436,16.3220958757,-1.65780121869e-05,-0.146721451611,0.0,899.338899281,899.882729085,0.139134600227,0.176714505218
2.640000000000002,4.00276892939,0.000299398512401,31.3548131921,4.69057666486e-07,5.93958540239,0.0,4.75885751761,0.00024329794695,16.3170758905,-1.52861269265e-05,-0.136990688328,0.0,899.534687963,899.921007661,0.098138557581,-0.306757967811
2.700000000000002,4.29448686463,0.000314001641003,32.3335102213,6.28318495172,5.93174087371,0.0,4.96552119743,0.00024339842687,16.3051846824,-1.06538825076e-05,-0.120517270492,0.0,899.357831904,900.018762232,0.144814350259,-0.580871516195
2.760000000000002,4.59869290372,0.000328597442853,33.3113101623,6.28318433999,5.92498677678,0.0,5.175039941,0.00024307594289,16.287223202,-9.27887440933e-06,-0.100141302423,0.0,899.386135802,900.206971605,0.120907094046,-0.316473153768
2.820000000000002,4.91553710898,0.000343163841607,34.2878530339,6.28318378325,5.91945821575,0.0,5.38669389036,0.000242425099111,16.2633420293,-9.27887325786e-06,-0.0796524557637,0.0,899.419983719,900.247167875,0.0680296365466,0.151197282819
2.880000000000002,5.24513275144,0.000357681989658,35.2628104293,6.2831832241,5.91534501128,0.0,5.5999772398,0.000241468279461,16.2344337955,-9.39969109794e-06,-0.0525048311895,0.0,899.481718149,900.579790828,-0.0938106376702,0.336396519195
2.940000000000002,5.58754266004,0.000372133670423,36.2358651644,6.28318265643,5.91253264438,0.0,5.81372602033,0.000240209593105,16.2000038364,-9.5843146294e-06,-0.0374897622489,0.0,899.603160958,900.211054648,-0.115965659406,0.217853348674
3.000000000000002,5.94277862585,0.000386500750039,37.206708174,6.28318208137,5.91059698999,0.0,6.02744548215,0.000238648092188,16.1607835834,-9.58431340088e-06,-0.0234473688528,0.0,899.564956861,900.133796171,0.14731025332,0.620561537425
3.0600000000000023,6.31082753356,0.000400765069426,38.1750721187,6.28318150631,5.90950505699,0.0,6.240759273,0.000236784722553,16.1174421661,-9.58431217236e-06,-0.00935631870947,0.0,899.561784073,900.132658388,0.0627842791819,0.52053743814
3.1200000000000023,6.69165333075,0.000414908589393,39.1407281094,6.28318093125,5.90904218171,0.0,6.45328535711,0.0002346217856,16.0705905012,-9.58431094384e-06,-0.00461784590692,0.0,899.7855241,899.977555565,0.137125193662,0.617658745846
3.1800000000000024,7.08518911386,0.000428913524497,40.103450806,6.2831803545,5.90891776792,0.0,6.66440622789,0.000232165448998,16.0197399442,-9.66900800776e-06,0.00258365291092,0.0,899.451919197,899.743680675,-0.0785455911835,0.711305426805
3.2400000000000024,7.49136533109,0.000442762041957,41.0630653529,6.28317977436,5.90921387786,0.0,6.8745932877,0.000229407668927,15.9670367098,-9.66900675744e-06,0.00926667030684,0.0,899.739608754,900.010138802,0.261970796268,1.1505294231
3.3000000000000025,7.91010513312,0.000456436208666,42.019437922,6.28317919422,5.9097652652,0.0,7.08316624246,0.000226353826843,15.9117388381,-9.66900550711e-06,0.00903556395032,0.0,899.785591665,899.776062044,0.338417119556,1.37314785533
3.3600000000000025,8.3413146024,0.000469918184112,42.9724400889,6.28317861408,5.91027088635,0.0,7.29024625073,0.000223001372964,15.8547292455,-9.66900425679e-06,0.00718112622194,0.0,899.898475591,899.823219785,0.308214656614,1.35969831567
3.4200000000000026,8.78490445855,0.000483190055263,43.9219775804,6.28317803394,5.91071989538,0.0,7.49584627359,0.000219350407444,15.7962821192,-9.66900300646e-06,0.00808151874677,0.0,899.934327912,899.970640943,0.594111455845,1.15667175764
3.4800000000000026,9.24078454621,0.000496233921718,44.8679696803,6.2831774538,5.91115050061,0.0,7.69991232876,0.000215401201767,15.7365844316,-9.66900175614e-06,0.00530263319249,0.0,900.085524666,899.972872781,0.6196466004,1.20791566285
3.5400000000000027,9.70885987295,0.000509031936313,45.8103410516,6.28317687366,5.91127457803,0.0,7.90236608658,0.000211155399568,15.6756127625,-9.66900050581e-06,-0.00534791096582,0.0,900.250426834,899.819172318,0.674651642262,1.27349686897
3.6000000000000028,10.1890348942,0.000521566412832,46.7490077262,6.28317629352,5.91062617922,0.0,8.10328501613,0.000206616882912,15.6130893993,-9.66899925549e-06,-0.0249162588048,0.0,900.327678518,899.535492421,0.62395038636,1.12469312805
3.660000000000003,10.6812313164,0.00053381986162,47.683874506,6.28317571338,5.90883387374,0.0,8.30316668088,0.000201788461572,15.5489059618,-9.66899800516e-06,-0.0423001515217,0.0,900.201101452,899.497315792,0.438573067827,1.05108225038
3.720000000000003,11.1853983609,0.000545775164091,48.6148191632,6.28317513324,5.90620180617,0.0,8.50237927361,0.000196679329508,15.4823195696,-9.66899675484e-06,-0.0472027188827,0.0,899.711450647,899.512847025,0.401458604749,0.721440397478
3.780000000000003,11.7015208634,0.000557415222504,49.5417303463,6.2831745531,5.90326884356,0.0,8.70169497468,0.000191280727924,15.4144435025,-9.66899550452e-06,-0.0524733314846,0.0,899.891548354,899.677942359,0.286051220752,0.822693384168
3.840000000000003,12.2295957022,0.000568723073654,50.4644974743,6.28317397296,5.90003115292,0.0,8.90081027243,0.000185606121785,15.3441841738,-9.66899425419e-06,-0.05711664526,0.0,899.710074501,899.52167469,0.0764350597566,0.667251807992
3.900000000000003,12.7696098252,0.000579682374329,51.3829658277,6.28317339282,5.89655278117,0.0,9.09968856963,0.000179662702051,15.2711575247,-9.66899300387e-06,-0.0597421744942,0.0,899.368345612,899.261496586,0.0652756196756,0.782106131562
3.960000000000003,13.3215603312,0.000590276817709,52.2969922095,6.28317281268,5.89292778069,0.0,9.29869389502,0.000173444533338,15.1961191332,-9.66899175355e-06,-0.0618005069098,0.0,899.294463519,899.210492563,0.365198501725,0.940034458673
4.020000000000002,13.8854661181,0.000600489658596,53.2064821322,6.28317223254,5.88924653745,0.0,9.49819195456,0.000166942990864,15.1199329928,-9.66899050323e-06,-0.0604760784557,0.0,899.45759521,899.510652209,0.270654432226,0.818233090197
4.080000000000001,14.4613526897,0.000610303998115,54.1113618728,6.2831716524,5.88578358382,0.0,9.6980294252,0.000160161255137,15.042459308,-9.66898925291e-06,-0.0527009689552,0.0,899.510824328,899.825293795,0.0526596744518,0.712987645423
4.14,15.0492177685,0.0006197035279,55.0115208841,6.28317107226,5.88259341465,0.0,9.89744283069,0.000153115653725,14.9626261504,-9.66898800258e-06,-0.0541231077848,0.0,899.449666918,899.391764015,0.0403018309527,1.13868671814
4.199999999999998,15.6490432759,0.000628672010857,55.906851658,6.28317049061,5.87953870323,0.0,10.0966975048,0.000145793084862,14.8815263005,-9.74461694759e-06,-0.0451603517527,0.0,899.296573402,899.659464176,-0.0742219049513,0.7721292996
4.259999999999997,16.2608077362,0.000637192965304,56.7972697251,6.28316990593,5.87716114839,0.0,10.2953528357,0.000138196991958,14.7989365193,-9.74461567763e-06,-0.0303793271584,0.0,899.076550569,899.675504525,0.11651656405,0.718254696915
4.319999999999996,16.8844722574,0.000645249389586,57.6827239725,6.28316929111,5.8753881162,0.0,10.4932974395,0.00013030668373,14.7161319497,-1.12518684417e-05,-0.0279425518472,0.0,899.484553396,899.583489256,-0.331342934299,0.941242692915
4.379999999999995,17.5199860236,0.000652822733791,58.563215074,6.28316859644,5.87378134332,0.0,10.6903016195,0.000122087754166,14.6335116523,-1.22300268479e-05,-0.0245495798312,0.0,899.67479751,899.812456948,-0.266925128685,0.95271120132
4.439999999999993,18.1672762253,0.000659892515886,59.4387320529,6.28316784319,5.87231706411,0.0,10.8858238838,0.000113516497682,14.5503567166,-1.32021911335e-05,-0.0241163718861,0.0,899.657375481,899.675172808,-0.266106062584,1.19555872493
4.499999999999992,18.8262568421,0.000666436392283,60.309261934,6.28316702216,5.87087541832,0.0,11.0799688832,0.000104552743491,14.4672814318,-1.46474305567e-05,-0.0238501400913,0.0,899.748856492,899.759890507,-0.324455203237,1.05165719165
4.559999999999991,19.4968409692,0.00067242976796,61.1748067407,6.28316613238,5.86937853098,0.0,11.2725989055,9.51606005196e-05,14.3841916091,-1.5193888096e-05,-0.0272397665309,0.0,899.86607428,899.729046144,-0.199509622423,1.33321090839
4.6199999999999894,20.178938397,0.000677846008631,62.0353675216,6.28316522075,5.86754556808,0.0,11.4637552959,8.53133316996e-05,14.3011240489,-1.51938850085e-05,-0.0381621711685,0.0,900.093306697,899.651201598,0.0381382193064,1.06275765005
4.679999999999988,20.8724653739,0.00068265771039,62.8909381431,6.28316430912,5.86523335048,0.0,11.6536184898,7.50105568703e-05,14.217795131,-1.51938819211e-05,-0.0392971585962,0.0,899.976727143,899.930869767,0.270923533618,1.01070312792
4.739999999999987,21.5773501341,0.00068683760795,63.7415003473,6.28316339748,5.8630376515,0.0,11.8423363836,6.4253188644e-05,14.1341830456,-1.51938788337e-05,-0.0316754079181,0.0,899.932248412,900.240951249,0.43328211322,0.774035254861
4.799999999999986,22.2935067224,0.000690358915327,64.5870156536,6.28316248585,5.8614488477,0.0,12.0293015744,5.30560153359e-05,14.0496438479,-1.51938757462e-05,-0.0177141294739,0.0,899.626952184,900.192530134,0.538626643104,0.650960927069
4.859999999999984,23.0208276119,0.000693194383096,65.4274682647,6.28316157422,5.86110617119,0.0,12.2143880367,4.13887799323e-05,13.9655580235,-1.51938726588e-05,0.0112875931137,0.0,899.378701784,900.553142929,0.904564343392,0.666481399532
4.919999999999983,23.7591789767,0.000695314911196,66.2629221221,6.28316066259,5.86224392451,0.0,12.396853193,2.92198684319e-05,13.8832053968,-1.51938695714e-05,0.0310562595187,0.0,899.664847177,900.46498882,1.11900894834,0.898000711436
4.979999999999982,24.5083706463,0.000696689995888,67.0934940784,6.28315975095,5.86429466876,0.0,12.5756443718,1.65368158875e-05,13.8029599589,-1.5193866484e-05,0.039788607091,0.0,899.753463871,900.106893089,1.11790004379,0.888543569992
5.0399999999999805,25.2681775394,0.000697287571616,67.9193537079,6.28315883932,5.86680391508,0.0,12.7506407505,3.30064434134e-06,13.7261818068,-1.51938633965e-05,0.0456027110538,0.0,899.92904793,900.16441223,0.661141829677,0.772073368631
